SKILL_BREAKDANCING
40249492
1778272
1769808
1956
1784
1445
1198
808
444
376
290

SKILL_APICULTURE
20774929
1778272
862020718
1984
1714
1603
1509
1411
1279
1267
1072

SKILL_BASKET
38227558
1778272
1550739810
1919
1884
1773
1655
1558
1462
1375
652

SKILL_XBASKET
80183545
1778272
1380275029
1817
1599
1432
1261
1217
1093
384
165

SKILL_SWORD
1852397404
29549102
1778272
1868852841
1785
1729
1495
1189
1102
873
602

TOTAL_XP
1869767529
1297910288
208984626
1806608
1778272
1213487440
7875
7087
6552
5564
5489

